600.043
80.829
48.813
44.475
931.198
253.548
388.112
709.876
129.887
926.808
183.075
975.905
975.662
668.578
9.961
920.246
554.309
162.227
606.854
679.536
637.353
6.642
917.383
798.394
120.071
535.363
497.091
326.996
97.226
65.285
70.583
917.656
23.526
216.646
780.758
383.248
613.845
151.515
733.303
465.543
780.162
91.330
39.900
423.703
975.595
107.705
337.129
211.466
82.379
111.017
321.610
925.907
773.116
391.609
143.848
342.581
164.412
234.704
237.266
856.663
580.360
853.367
140.290
523.570
576.206
622.422
852.637
412.993
549.625
203.446
60.076
671.262
62.236
762.109
460.423
318.446
471.342
752.646
127.402
415.594
477.123
575.881
482.688
881.529
367.271
900.229
338.726
865.401
287.667
186.527
180.464
97.319
683.200
388.683
67.302
359.083
300.622
251.727
805.989
477.736
422.818
0.736
251.857
384.632
305.675
286.955
121.613
340.972
956.499
998.511
378.778
872.662
350.719
892.551
451.103
48.523
61.692
340.157
160.087
480.133
770.389
762.585
468.257
303.376
926.776
419.402
73.998
672.617
261.681
912.150
553.816
12.827
652.043
803.743
758.801
479.178
472.898
671.775
709.736
446.361
545.000
908.892
41.908
756.357
913.701
590.147
215.242
721.412
348.116
799.881
948.951
445.494
7.906
995.554
733.282
215.873
271.494
456.043
375.535
906.791
630.747
817.335
654.176
913.423
561.878
90.436
386.412
25.193
515.946
59.241
290.824
654.600
171.274
783.135
924.494
172.403
69.640
591.602
455.292
267.580
106.517
977.571
355.530
143.954
115.471
330.210
524.009
959.027
396.493
387.312
307.937
56.127
613.748
963.686
838.336
69.628
227.538
890.389
137.857
533.367
566.345
482.835
585.593
761.774
433.667
37.094
313.870
176.061
36.047
251.070
310.503
913.339
939.165
692.284
992.791
739.230
700.938
557.657
848.095
402.934
386.657
407.157
840.580
903.555
398.875
233.226
574.645
265.702
253.467
677.903
717.161
80.397
781.860
888.509
241.823
521.696
423.315
845.578
414.706
49.608
432.891
992.585
568.546
272.068
566.435
295.414
988.128
856.225
832.281
279.818
959.687
796.818
499.311
60.040
694.422
508.157
208.567
275.049
746.868
780.171
548.086
323.874
504.447
815.186
352.543
775.695
145.002
848.702
41.831
292.237
950.239
275.756
62.550
153.030
900.637
757.901
303.596
451.194
972.513
614.610
291.477
826.952
636.598
344.083
388.024
231.040
750.666
935.641
449.777
14.832
247.883
217.754
627.977
641.868
973.019
488.161
55.260
483.678
687.637
265.623
294.265
932.581
275.666
108.881
597.529
976.391
312.444
597.978
464.242
772.478
182.601
433.925
94.689
23.213
991.649
91.666
338.175
21.410
407.114
626.306
152.974
407.852
901.132
928.731
135.571
655.707
164.761
622.253
400.813
622.913
331.639
80.487
512.100
67.289
266.980
82.584
663.294
57.195
42.379
976.435
669.549
463.360
227.505
436.204
302.521
895.994
357.311
772.630
793.268
481.223
965.416
569.686
220.700
155.815
892.232
512.620
781.192
752.176
498.466
981.629
344.911
791.269
479.186
858.193
275.503
948.832
481.004
485.431
249.104
750.631
630.356
355.225
428.611
164.664
307.255
175.726
305.215
696.636
316.560
656.243
383.192
93.613
162.338
281.576
257.819
980.192
315.044
713.975
956.300
395.347
550.040
451.337
882.968
687.705
31.582
968.467
879.489
858.017
677.676
851.344
379.592
237.675
181.376
204.844
753.921
365.108
850.196
452.742
303.667
721.934
651.112
273.730
569.022
87.627
210.865
532.599
118.479
115.302
605.294
889.519
395.239
199.839
568.304
375.819
854.263
452.844
736.748
91.016
514.206
314.723
14.036
633.195
875.623
175.137
957.523
684.484
867.016
312.687
558.934
594.467
397.638
973.635
908.727
356.843
761.084
197.584
380.687
290.562
41.073
950.001
842.120
819.789
535.400
578.124
86.539
46.904
237.645
591.869
746.552
399.835
34.962
263.755
220.783
704.688
740.334
374.799
278.143
464.184
277.969
36.182
919.292
53.005
654.781
935.307
568.155
790.245
57.778
755.783
839.968
505.282
121.835
322.618
154.250
372.697
724.914
512.525
657.004
628.225
227.436
497.781
777.789
165.937
969.489
729.151
420.158
99.896
718.073
172.775
213.064
229.862
758.177
535.592
474.632
823.045
579.430
190.936
100.385
32.971
808.589
24.810
169.103
259.568
981.523
722.223
449.187
977.699
74.020
263.775
412.912
637.764
995.150
392.279
734.390
345.315
446.092
294.345
345.518
928.912
899.609
94.714
255.885
163.346
752.616
9.325
696.196
972.438
929.819
164.401
20.404
792.169
987.758
516.578
871.021
600.754
88.580
632.086
614.135
198.056
606.466
70.954
488.501
715.766
410.556
531.128
904.363
980.240
333.195
113.659
286.963
109.650
537.566
333.205
476.844
682.281
541.818
136.711
193.907
111.765
806.876
664.913
723.988
631.149
559.146
266.432
223.465
508.105
961.431
668.369
954.706
270.891
476.450
409.590
736.381
361.186
885.469
868.724
970.946
934.055
920.236
309.600
874.105
749.757
430.227
731.952
668.160
600.224
736.629
706.521
330.527
147.468
806.500
690.254
319.614
116.617
441.765
757.291
261.433
907.780
606.917
1.581
59.550
464.087
972.434
533.449
287.919
551.163
929.529
955.617
680.673
57.666
400.433
956.153
60.243
808.513
464.795
783.501
769.578
449.145
957.576
380.886
907.494
170.574
653.283
369.583
917.191
65.852
411.205
151.082
584.202
410.633
631.755
366.836
119.820
624.519
423.831
757.132
149.702
832.052
749.351
905.408
776.745
543.870
405.891
676.129
465.237
249.963
80.199
361.022
7.898
501.528
705.527
678.791
527.755
253.123
743.530
770.168
701.890
263.490
64.897
930.336
810.696
141.922
733.576
932.736
551.240
206.020
23.596
247.544
61.604
925.202
303.538
258.612
860.075
818.976
60.303
731.153
855.486
715.484
283.141
222.204
681.275
326.556
442.730
160.323
482.788
498.360
94.728
299.431
670.226
219.004
371.050
159.025
472.426
732.736
708.857
960.305
482.695
807.994
78.146
814.749
908.849
732.342
738.740
140.612
427.797
245.673
154.414
341.197
582.085
196.383
516.403
652.316
867.382
704.197
195.922
216.312
604.065
232.485
269.613
831.811
415.060
887.826
976.667
718.770
618.504
448.893
496.578
550.780
710.258
460.937
53.349
400.009
584.010
959.343
333.724
510.577
591.053
771.503
848.270
181.221
110.657
839.253
991.806
824.733
321.693
459.299
138.732
362.089
844.271
824.974
655.623
128.504
541.176
362.514
797.456
0.754
812.212
982.528
278.212
964.286
323.431
305.629
845.857
822.078
430.584
49.940
14.086
587.442
589.588
875.103
603.305
782.948
160.310
788.671
373.369
33.916
903.621
226.067
1.027
308.205
529.758
427.570
795.523
365.209
226.645
819.848
418.268
775.798
563.050
539.068
132.694
391.853
361.416
674.114
594.458
559.866
634.932
998.436
110.619
901.695
61.673
598.213
561.289
442.646
395.135
265.210
502.613
581.452
59.566
794.233
707.693
384.908
811.660
139.326
28.514
454.097
847.025
158.426
747.622
723.658
702.634
364.500
918.699
184.884
363.591
951.525
913.692
416.036
499.201
551.823
772.028
503.961
501.275
451.088
740.799
167.678
392.265
993.741
842.633
384.066
526.065
187.249
270.912
640.094
625.865
888.868
231.547
184.776
272.877
623.421
666.454
770.559
445.276
612.124
655.189
451.175
746.543
893.827
960.793
719.605
956.880
205.554
453.598
25.632
687.393
135.108
137.296
957.583
914.470
299.051
664.329
119.483
442.400
838.114
985.897
285.974
662.961
826.433
535.693
256.908
352.503
370.461
618.937
997.179
246.738
152.642
273.622
83.228
677.971
640.109
227.016
756.324
68.622
953.774
805.521
121.496
924.590
564.227
18.668
26.838
85.824
266.551
609.994
123.484
182.822
987.531
189.192
505.054
957.192
900.385
915.987
252.905
174.303
870.332
330.245
191.984
256.429
693.545
391.855
826.219
722.157
193.056
56.331
435.678
219.829
96.077
239.907
584.212
484.797
120.030
291.560
157.005
522.135
208.762
462.115
593.070
621.229
498.023
438.019
928.007
321.818
671.982
261.362
529.740
896.266
866.646
844.302
19.462
808.091
643.718
373.161
296.863
328.495
955.509
408.249
312.434
866.090
510.047
209.358
512.746
563.279
18.094
925.258
11.138
147.990
513.731
580.108
60.679
405.536
861.868
821.961
109.262
787.866
634.302
298.282
559.357
946.667
622.646
14.595
390.188
968.423
587.636
740.408
471.964
39.166
227.333
706.698
483.821
654.089
293.550
